gamma 2.2  sky1 0 0 0  sky2 0 0 0
camera 0 45 205.6  0 44.957388 204.6
size 8
sphere 10000  9946 40.8 81.6   0 0 0     0.75 0.25 0.25  0
sphere 10000  -9944 40.8 81.6  0 0 0      0.25 0.25 0.75  0
sphere 10000  0 40.8 10000     0 0 0     0.75 0.75 0.75  0
sphere 10000  0 40.8 -9730     0 0 0     0 0 0          0
sphere 10000  0 10000 81.6     0 0 0     0.75 0.75 0.75  0
sphere 10000  0 -9918.4 81.6  0 0 0      0.75 0.75 0.75  0
sphere 5   0 65 45        4 4 4      0 0 0    0
model models/monkey.obj  0 15 45  15 15 15  0 0 0  0.8 0.8 0.8  0


model models/plane-y-down.obj  0 81 40  6 1 6  8 8 8  0 0 0  0


sphere 5   -25 75 40        4 4 1      0 0 0    0
sphere 5    25 75 40        1 6 2      0 0 0    0
