gamma 1  sky1 0.15 0.3 0.5  sky2 1 1 1
camera 0 80 300  0 15 0
materials 0
objects 8
triangle  -800 0 -800  200 0 200  200 0 -800  0 0 0  0.75 0.75 0.75  0
triangle  -800 0 -800  -800 0 200  200 0 200  0 0 0  0.75 0.75 0.75  0
sphere 10    35 10 0    0 0 0     0.75 0 0        0
sphere 15    0 15 0   0 0 0     0 0.75 0        0
sphere 2    -10 60 -20    0 0 0     1 0 0        0
sphere 2    -10 60 25    0 0 0     0 1 0        0
sphere 2     10 60 -20    0 0 0     0 0 1        0
triangle  -10 60 -20  10 60 -20  -10 60 25  1 1 1  0 0 0  0
sphere 8     0 60 0     15 15 15  0 0 0           0






sphere 10000  0 -10000 0   0 0 0     0.75 0.75 0.75  0

sphere 20    0 20 -35   0 0 0     0 0 0.75        0
