gamma 1  sky1 0.15 0.3 0.5  sky2 1 1 1
camera -10 55 140  45 0 100
materials 0
objects 14
sphere 16   -36     16   40  0 0 0  0.56 0.28 0.31  2
sphere 10   -36     42   40  0 0 0  0.56 0.28 0.31  2
sphere  5   -36     57   40  0 0 0  0.56 0.28 0.31  2
sphere  1   -36     63   40  0 0 0  0.56 0.28 0.31  2
sphere 14    20     14   40  0 0 0  0.25 0.58 0.31  2
sphere  6    10      6   20  0 0 0  0.68 0.58 0.31  1
sphere 8      0      8  -10  0 0 0  0.25 0.31 0.58  1
sphere 8    -30      8   12  0 0 0  0.85 0.40 0.88  2
sphere 10000  0 -10000 81.6  0 0 0  0.85 0.85 1.00  0
sphere 2     5 2  0   5 5 5  0 0 0  0
sphere 2   -15 2 42   5 5 5  0 0 0  0
sphere 2    36 2 45   5 5 5  0 0 0  0
sphere 2   -45 50 32   15 15 15  0 0 0  0
sphere 2    45 45 45   15 15 15  0 0 0  0

