gamma 2.2  sky1 0 0 0  sky2 0 0 0
camera 50 45 205.6  50 44.957388 204.6
materials 0
objects 11
sphere 10000  10001 40.8 81.6   0 0 0     0.75 .25 0.25  0
sphere 10000  -9901 40.8 81.6  0 0 0      0.25 .25 0.75  0
sphere 10000  50 40.8 10000     0 0 0     0.75 .75 0.75  0
sphere 10000  50 40.8 -9730     0 0 0     0 0 0          0
sphere 10000  50 10000 81.6     0 0 0     0.75 .75 0.75  0
sphere 10000  50 -9918.4 81.6  0 0 0      0.75 .75 0.75  0
sphere 16.5   73 16.5 78        0 0 0     0.9 0.9 0.9    2
sphere 12      50 90 81.6      12 12 12  0 0 0          0
model models/plane-z.obj  50 30 0  15 25 1  0 0 0  1 1 1  1
model models/table.obj  27 6 47  16 16 16  0 0 0  0.5 0.2 0  0
model models/teapot.obj  27 21 47  4 4 4  0 0 0  1 0.9 1  0

sphere 16.5   27 16.5 47        0 0 0     0.9 0.9 0.9    1
triangle 27 16.5 47  73 16.5 78  73 50 47  0 0 0  0.9 0.5 0.1  0
triangle 27 50 47  73 50 78  73 65 47  0 0 0  0.5 0.9 0.1  0


